0.180098,0.237576,0.093535,0.488792
0.080594,0.260094,0.617177,0.042135
0.349130,0.037274,0.055186,0.558410
0.427630,0.036423,0.259277,0.276670
0.042122,0.036228,0.859712,0.061938
0.027559,0.012536,0.030803,0.929102
0.614280,0.017279,0.082861,0.285580
0.132980,0.070810,0.406092,0.390118
0.765636,0.021918,0.121066,0.091380
0.038877,0.534270,0.414818,0.012035
0.461739,0.446946,0.019173,0.072142
0.194383,0.559444,0.095468,0.150705
0.457396,0.297181,0.149883,0.095541
0.253675,0.300647,0.246091,0.199586
0.102263,0.298687,0.174994,0.424055
0.019968,0.316893,0.604360,0.058779
0.249194,0.217237,0.220005,0.313564
0.016682,0.040705,0.104148,0.838465
0.171519,0.016804,0.070390,0.741287
0.101930,0.016381,0.104404,0.777284
0.233677,0.025361,0.204604,0.536358
0.016368,0.009029,0.950926,0.023677
0.070074,0.251234,0.477983,0.200709
0.157133,0.444986,0.123559,0.274322
0.285470,0.478552,0.102215,0.133764
0.103207,0.193716,0.668236,0.034841
0.323495,0.137700,0.339177,0.199628
0.134471,0.440717,0.081369,0.343442
0.220790,0.171147,0.227121,0.380942
0.049165,0.277217,0.662182,0.011436
0.272483,0.019818,0.326683,0.381016
0.184917,0.030944,0.341571,0.442567
0.966353,0.007919,0.015929,0.009799
0.095543,0.187819,0.695531,0.021106
0.402638,0.089092,0.283773,0.224497
0.252150,0.052208,0.124175,0.571466
0.092799,0.038189,0.073154,0.795858
0.131763,0.145014,0.472174,0.251050
0.326026,0.013309,0.098920,0.561745
0.117112,0.201160,0.664314,0.017415
0.301408,0.012569,0.022583,0.663440
0.339632,0.569261,0.028887,0.062220
0.068119,0.230034,0.462788,0.239060
0.773962,0.093571,0.063604,0.068862
0.360548,0.214965,0.402589,0.021898
0.545055,0.001599,0.167133,0.286213
0.054060,0.052391,0.260680,0.632869
0.597663,0.029648,0.298054,0.074635
0.704288,0.205039,0.057839,0.032833
0.739239,0.003573,0.199235,0.057953
0.066422,0.174715,0.051608,0.707255
0.050307,0.030073,0.759295,0.160325
0.047499,0.030984,0.067292,0.854224
0.050797,0.195297,0.007835,0.746070
0.202865,0.039639,0.466640,0.290856
0.201930,0.067726,0.283301,0.447044
0.283449,0.126778,0.158124,0.431649
0.077036,0.011694,0.909858,0.001412
0.008118,0.071171,0.057610,0.863101
0.763671,0.126853,0.102898,0.006577
0.072621,0.018917,0.891008,0.017454
0.041036,0.008429,0.492632,0.457903
0.296310,0.142302,0.511371,0.050017
0.112925,0.163762,0.505323,0.217989
0.317167,0.112442,0.480172,0.090220
0.346421,0.032817,0.131946,0.488816
0.013647,0.008212,0.053531,0.924611
0.432841,0.228721,0.110730,0.227708
0.012579,0.004217,0.010754,0.972450
0.070973,0.014022,0.143637,0.771367
0.015651,0.007218,0.040737,0.936394
0.299431,0.299221,0.335409,0.065940
0.052505,0.002268,0.018960,0.926267
0.036747,0.307227,0.643010,0.013016
0.217358,0.264220,0.048645,0.469777
0.047160,0.602142,0.328811,0.021887
0.432299,0.299953,0.251952,0.015795
0.024952,0.117620,0.728857,0.128570
0.132034,0.092034,0.760372,0.015560
0.171593,0.059862,0.322410,0.446135
0.212670,0.208306,0.231951,0.347073
0.101605,0.195806,0.680376,0.022213
0.085172,0.032170,0.717054,0.165603
0.272404,0.101276,0.139940,0.486381
0.462504,0.020218,0.083823,0.433455
0.696732,0.071771,0.206974,0.024523
0.418931,0.153107,0.065931,0.362031
0.564196,0.038386,0.290673,0.106745
0.133102,0.014266,0.149851,0.702781
0.098056,0.355066,0.527964,0.018914
0.516145,0.173269,0.203532,0.107054
0.016523,0.724358,0.051626,0.207493
0.194878,0.028077,0.527876,0.249170
0.006118,0.008190,0.018410,0.967283
0.074480,0.716119,0.021451,0.187950
0.071735,0.029708,0.651810,0.246747
0.067203,0.709544,0.024858,0.198396
0.186554,0.032092,0.030581,0.750773
0.002887,0.017102,0.017004,0.963007
0.775107,0.123776,0.079815,0.021302
0.011125,0.071355,0.903910,0.013610
0.013796,0.014902,0.029391,0.941911
0.027522,0.011826,0.021708,0.938944
0.116857,0.040415,0.153011,0.689717
0.313815,0.055504,0.145616,0.485066
0.028826,0.073702,0.560567,0.336904
0.580699,0.264028,0.113972,0.041300
0.509365,0.306866,0.128153,0.055616
0.246235,0.011474,0.106818,0.635473
0.006441,0.058349,0.142684,0.792526
0.218918,0.450677,0.325525,0.004881
0.006220,0.474911,0.056191,0.462679
0.252492,0.118730,0.220093,0.408685
0.438476,0.446900,0.044179,0.070445
0.057614,0.015293,0.923670,0.003423
0.068220,0.055522,0.568143,0.308115
0.030252,0.565537,0.383808,0.020404
0.013630,0.403292,0.529813,0.053265
0.230954,0.032580,0.166275,0.570191
0.043707,0.174315,0.751830,0.030148
0.068716,0.579964,0.041348,0.309972
0.023599,0.129843,0.042461,0.804096
0.026511,0.385906,0.473004,0.114579
0.688912,0.208751,0.092231,0.010106
0.354740,0.037830,0.438870,0.168560
0.149688,0.397534,0.123569,0.329210
0.027501,0.847865,0.007747,0.116887
0.358221,0.043805,0.031752,0.566222
0.138010,0.309738,0.456731,0.095521
0.391282,0.373344,0.141485,0.093889
0.112203,0.408413,0.044898,0.434486
0.026693,0.003299,0.052118,0.917890
0.558543,0.003247,0.362292,0.075919
0.060395,0.401661,0.176829,0.361114
0.054952,0.013827,0.929756,0.001465
0.424983,0.126910,0.206653,0.241454
0.009528,0.010980,0.964780,0.014712
0.666507,0.005770,0.109194,0.218530
0.073856,0.053654,0.606893,0.265597
0.109859,0.307803,0.555521,0.026817
0.366385,0.363402,0.228782,0.041431
0.072999,0.039581,0.097951,0.789470
0.072761,0.275251,0.635134,0.016855
0.068635,0.352353,0.035504,0.543509
0.331639,0.433912,0.145456,0.088994
0.301998,0.091387,0.035357,0.571257
0.261367,0.453880,0.271981,0.012772
0.057955,0.442594,0.491983,0.007469
0.095229,0.071732,0.238765,0.594275
0.004752,0.041238,0.483167,0.470843
0.022218,0.075872,0.784487,0.117423
0.106273,0.215879,0.642510,0.035337
0.038547,0.014490,0.157208,0.789755
0.181553,0.094599,0.112225,0.611623
0.109156,0.134582,0.051367,0.704896
0.273785,0.044864,0.411267,0.270083
0.022934,0.077853,0.209954,0.689259
0.081090,0.028101,0.791929,0.098880
0.036566,0.119144,0.015804,0.828487
0.011879,0.014253,0.038649,0.935220
0.183260,0.028754,0.237245,0.550740
0.333297,0.383510,0.134736,0.148457
0.433156,0.032794,0.080116,0.453934
0.488525,0.030378,0.118975,0.362122
0.028490,0.004600,0.085655,0.881255
0.008486,0.875745,0.104081,0.011688
0.332572,0.035667,0.113638,0.518122
0.028511,0.009735,0.005800,0.955953
0.203267,0.546787,0.097915,0.152032
0.017324,0.229439,0.715886,0.037351
0.387431,0.097216,0.331114,0.184239
0.339097,0.377903,0.097226,0.185773
0.540687,0.293716,0.132115,0.033482
0.024490,0.338642,0.571702,0.065166
0.093775,0.100149,0.035807,0.770269
0.504516,0.023987,0.302234,0.169263
0.435311,0.001642,0.063477,0.499570
0.035863,0.640664,0.189815,0.133658
0.057691,0.127748,0.510800,0.303760
0.039829,0.022264,0.918620,0.019287
0.050167,0.424734,0.496249,0.028851
0.075459,0.465845,0.372157,0.086539
0.091990,0.563331,0.010952,0.333727
0.769895,0.003712,0.164650,0.061743
0.628118,0.025683,0.125706,0.220493
0.498901,0.032426,0.126370,0.342302
0.021221,0.302514,0.669186,0.007080
0.241996,0.093746,0.236512,0.427746
0.084337,0.367254,0.200141,0.348268
0.887070,0.014254,0.051939,0.046736
0.858108,0.024740,0.109391,0.007761
0.057476,0.016483,0.924627,0.001414
0.502516,0.279219,0.090175,0.128089
0.136669,0.079190,0.708717,0.075424
0.478048,0.200458,0.110296,0.211198
0.150146,0.685076,0.151992,0.012786
0.003875,0.009651,0.436394,0.550080
0.369458,0.499862,0.050944,0.079736
0.049477,0.164971,0.030093,0.755460
0.005784,0.000978,0.003801,0.989436
0.043888,0.141902,0.801074,0.013137
0.040957,0.030714,0.511621,0.416708
0.351360,0.035481,0.171614,0.441544
0.307738,0.423152,0.194662,0.074447
0.068635,0.235788,0.022597,0.672980
0.125453,0.517946,0.048383,0.308217
0.327122,0.146808,0.211159,0.314911
0.172382,0.001702,0.622098,0.203818
0.495634,0.011031,0.487872,0.005464
0.089932,0.041838,0.362681,0.505550
0.103149,0.031388,0.498838,0.366626
0.382974,0.025029,0.573416,0.018580
0.006729,0.392326,0.574925,0.026020
0.772951,0.002685,0.213772,0.010592
0.279463,0.379525,0.051461,0.289551
0.046173,0.640761,0.062803,0.250262
0.131729,0.137462,0.081619,0.649190
0.024117,0.473962,0.474904,0.027017
0.133301,0.001105,0.038545,0.827050
0.333604,0.108779,0.101783,0.455834
0.348251,0.342970,0.164341,0.144438
0.207349,0.701844,0.014815,0.075992
0.207202,0.027003,0.088602,0.677192
0.104986,0.207521,0.675901,0.011592
0.920651,0.002427,0.026788,0.050134
0.191017,0.197690,0.578413,0.032880
0.143522,0.696168,0.092077,0.068233
0.343154,0.449120,0.164373,0.043354
0.555170,0.023810,0.369487,0.051533
0.123221,0.169755,0.026092,0.680931
0.631572,0.057880,0.177102,0.133445
0.175397,0.094928,0.087202,0.642473
0.008286,0.009613,0.081776,0.900324
0.024604,0.197323,0.038011,0.740061
0.289688,0.250594,0.167149,0.292569
0.013048,0.008118,0.097976,0.880858
0.373983,0.039686,0.439078,0.147253
0.407562,0.046603,0.390204,0.155632
0.087586,0.029084,0.112332,0.770998
0.815050,0.117931,0.043830,0.023189
0.059833,0.506556,0.108818,0.324793
0.269870,0.022735,0.262092,0.445303
0.107320,0.557314,0.164540,0.170827
0.532233,0.268076,0.096175,0.103516
0.144664,0.357404,0.107552,0.390380
0.028130,0.292824,0.048438,0.630608
0.085504,0.050903,0.100449,0.763144
0.055233,0.022455,0.040903,0.881409
0.903191,0.013164,0.056384,0.027261
0.654502,0.168039,0.073840,0.103619
0.119515,0.033261,0.158130,0.689094
0.013549,0.023402,0.518762,0.444287
0.071486,0.005944,0.022996,0.899574
0.004126,0.808694,0.103372,0.083808
0.023439,0.015681,0.865809,0.095071
0.359535,0.005712,0.105231,0.529523
0.103412,0.623295,0.104298,0.168995
0.535703,0.047577,0.271790,0.144930
0.026900,0.551298,0.385700,0.036102
0.041439,0.526965,0.257709,0.173887
0.029706,0.017290,0.806699,0.146305
0.274718,0.054317,0.291388,0.379578
0.101245,0.447263,0.400158,0.051334
0.197338,0.302851,0.098816,0.400995
0.138651,0.054809,0.231135,0.575406
0.027720,0.013718,0.220846,0.737717
0.041324,0.090165,0.173840,0.694670
0.047438,0.002165,0.042901,0.907496
0.478981,0.000349,0.017492,0.503178
0.041388,0.214477,0.737248,0.006888
0.788720,0.037316,0.042161,0.131804
0.126737,0.050349,0.122274,0.700639
0.344742,0.005132,0.087107,0.563019
0.013684,0.025587,0.813442,0.147288
0.418275,0.064688,0.177810,0.339227
0.012026,0.022371,0.027282,0.938321
0.478291,0.015547,0.180678,0.325484
0.140056,0.023961,0.643685,0.192298
0.030870,0.012071,0.022627,0.934432
0.019024,0.225373,0.731979,0.023624
0.446672,0.406847,0.126542,0.019940
0.190592,0.011922,0.288701,0.508785
0.331267,0.132043,0.036264,0.500426
0.014781,0.002509,0.231563,0.751146
0.126657,0.060933,0.569475,0.242935
0.335370,0.051549,0.306837,0.306244
0.007639,0.016757,0.176019,0.799584
0.397471,0.021487,0.260659,0.320383
0.069945,0.063779,0.860591,0.005684
0.545068,0.233324,0.160742,0.060866
0.372558,0.434209,0.133826,0.059407
0.124972,0.013827,0.061832,0.799369
0.438501,0.472996,0.059014,0.029489
0.538113,0.147827,0.286570,0.027490
0.193325,0.146793,0.287477,0.372405
0.261623,0.194746,0.061150,0.482481
0.141402,0.178880,0.663435,0.016282
0.009016,0.027729,0.840927,0.122328
0.107202,0.354955,0.041202,0.496641
0.091117,0.256041,0.118548,0.534294
0.795519,0.018274,0.110907,0.075301
0.036026,0.820361,0.099197,0.044416
0.497335,0.016474,0.169339,0.316852
0.073806,0.020026,0.156902,0.749266
0.191786,0.180113,0.062750,0.565351
0.106608,0.153306,0.390186,0.349900
0.104484,0.022547,0.080625,0.792344
0.134646,0.514901,0.156595,0.193858
0.004380,0.009887,0.030077,0.955656
0.195584,0.013289,0.251155,0.539972
0.158854,0.035248,0.236758,0.569140
0.159956,0.696287,0.102786,0.040971
0.191878,0.066118,0.192845,0.549159
0.052478,0.199159,0.140492,0.607871
0.271450,0.013317,0.706943,0.008291
0.268047,0.175073,0.093168,0.463711
0.007566,0.009292,0.068478,0.914664
0.324439,0.185077,0.392080,0.098405
0.040936,0.616129,0.016094,0.326842
0.408096,0.246794,0.322371,0.022739
0.179274,0.215045,0.072305,0.533377
0.146521,0.685879,0.086472,0.081128
0.372388,0.097900,0.300315,0.229397
0.656532,0.181575,0.110310,0.051583
0.155760,0.115142,0.088214,0.640883
0.037785,0.045076,0.878365,0.038774
0.220845,0.063067,0.076109,0.639979
0.091225,0.792654,0.034379,0.081743
0.406366,0.031356,0.515173,0.047105
0.839840,0.000725,0.082628,0.076807
0.170905,0.034984,0.097197,0.696913
0.278579,0.015068,0.022991,0.683361
0.207211,0.024217,0.206553,0.562019
0.727549,0.006952,0.254424,0.011075
0.238459,0.004085,0.109103,0.648354
0.178759,0.242810,0.330573,0.247857
0.125600,0.483734,0.351221,0.039445
0.001139,0.988568,0.001196,0.009097
0.436268,0.035674,0.105123,0.422934
0.021745,0.037925,0.844671,0.095658
0.164104,0.080218,0.748451,0.007227
0.081120,0.003270,0.089134,0.826476
0.001149,0.916138,0.003705,0.079008
0.064635,0.002187,0.029753,0.903425
0.048134,0.134525,0.050015,0.767326
0.011778,0.017217,0.035085,0.935920
0.300339,0.003046,0.326215,0.370401
0.081542,0.013650,0.306671,0.598137
0.191051,0.020066,0.185560,0.603323
0.029204,0.265963,0.399601,0.305232
0.372967,0.000204,0.364239,0.262589
0.269922,0.148972,0.501349,0.079756
0.006220,0.095315,0.882165,0.016300
0.552526,0.000952,0.064520,0.382002
0.179637,0.019531,0.156838,0.643994
0.139554,0.010366,0.126156,0.723924
0.023484,0.363069,0.600451,0.012996
0.504114,0.061209,0.163994,0.270684
0.013144,0.658378,0.318198,0.010280
0.469395,0.029100,0.282858,0.218647
0.332565,0.024263,0.118063,0.525109
0.386979,0.072362,0.515663,0.024996
0.071732,0.001420,0.832610,0.094237
0.235715,0.029416,0.090312,0.644557
0.028427,0.096689,0.586694,0.288190
0.025768,0.149089,0.758704,0.066439
0.012029,0.525538,0.431163,0.031269
0.064430,0.671603,0.069772,0.194194
0.322028,0.216600,0.068636,0.392735
0.117853,0.016691,0.127607,0.737848
0.153542,0.036475,0.625855,0.184129
0.052177,0.146970,0.702059,0.098794
0.015443,0.012450,0.009194,0.962912
0.410194,0.126159,0.447371,0.016276
0.487570,0.026840,0.341729,0.143860
0.253421,0.018146,0.057719,0.670714
0.657227,0.128956,0.019973,0.193844
0.516700,0.255005,0.185557,0.042739
0.796451,0.050128,0.116671,0.036750
0.020940,0.333471,0.417532,0.228057
0.126173,0.039737,0.240868,0.593222
0.035632,0.005578,0.049779,0.909011
0.071392,0.028137,0.013403,0.887067
0.039601,0.303158,0.634216,0.023025
0.098862,0.069993,0.776645,0.054501
0.019604,0.499316,0.063370,0.417711
0.981441,0.003065,0.010373,0.005120
0.105698,0.175943,0.619430,0.098930
0.151754,0.004364,0.123050,0.720833
0.012637,0.085144,0.856525,0.045694
0.122368,0.211960,0.039936,0.625736
0.018920,0.031116,0.789649,0.160315
0.050517,0.074638,0.692295,0.182549
0.420831,0.356927,0.023235,0.199007
0.467273,0.025059,0.282612,0.225057
0.369713,0.058427,0.080247,0.491614
0.069919,0.461278,0.178746,0.290057
0.114127,0.519300,0.140911,0.225663
0.482369,0.034128,0.059902,0.423601
0.161369,0.401120,0.125170,0.312341
0.026621,0.265613,0.214803,0.492963
0.141278,0.116366,0.618320,0.124036
0.591994,0.168637,0.066666,0.172703
0.039267,0.001809,0.029040,0.929884
0.062143,0.137287,0.070192,0.730379
0.021366,0.018113,0.045608,0.914913
0.809166,0.004778,0.053282,0.132774
0.306674,0.380238,0.130974,0.182115
0.200919,0.051479,0.073191,0.674411
0.070857,0.114540,0.035299,0.779305
0.059211,0.177687,0.734287,0.028815
0.021616,0.559516,0.036576,0.382292
0.206169,0.036912,0.054508,0.702411
0.369568,0.305257,0.098263,0.226912
0.663478,0.016340,0.279313,0.040868
0.034406,0.874754,0.022706,0.068134
0.142890,0.628357,0.025612,0.203141
0.231805,0.108178,0.318541,0.341476
0.030769,0.143065,0.059646,0.766520
0.864543,0.029381,0.003694,0.102382
0.068872,0.001947,0.032012,0.897169
0.032972,0.361818,0.501682,0.103528
0.282036,0.184343,0.050701,0.482920
0.186873,0.006770,0.047440,0.758917
0.035377,0.589336,0.153524,0.221763
0.046834,0.302293,0.626614,0.024259
0.141820,0.039529,0.038864,0.779787
0.111377,0.009186,0.073835,0.805603
0.083059,0.045021,0.188979,0.682941
0.712572,0.017065,0.200582,0.069782
0.084386,0.622270,0.088253,0.205091
0.667219,0.108390,0.064624,0.159768
0.006481,0.439305,0.517266,0.036949
0.059277,0.072497,0.023482,0.844744
0.121733,0.811913,0.027338,0.039016
0.465597,0.032728,0.157812,0.343863
0.042254,0.001237,0.091625,0.864884
0.029998,0.076321,0.116665,0.777016
0.231522,0.241239,0.511514,0.015725
0.373159,0.027448,0.253298,0.346095
0.247441,0.032113,0.150772,0.569674
0.158449,0.000913,0.052505,0.788134
0.443449,0.037143,0.419492,0.099915
0.207369,0.107243,0.143312,0.542075
0.007038,0.191664,0.775837,0.025461
0.030263,0.578387,0.354640,0.036710
0.258216,0.162078,0.573673,0.006033
0.789783,0.073589,0.125053,0.011575
0.123017,0.043952,0.188017,0.645014
0.024890,0.014413,0.055142,0.905555
0.029243,0.446840,0.424568,0.099349
0.041674,0.001134,0.221211,0.735981
0.084003,0.001954,0.058336,0.855706
0.111423,0.003325,0.081752,0.803500
0.195197,0.012237,0.686300,0.106266
0.046634,0.038194,0.082316,0.832856
0.059666,0.146298,0.081089,0.712948
0.054238,0.022586,0.052318,0.870858
0.027555,0.002461,0.893915,0.076069
0.073556,0.295413,0.135689,0.495342
0.120989,0.369965,0.414294,0.094751
0.141147,0.249992,0.201630,0.407231
0.178743,0.252812,0.483331,0.085114
0.595850,0.278542,0.096096,0.029512
0.122396,0.033044,0.332269,0.512291
0.362642,0.439677,0.032747,0.164934
0.028585,0.382789,0.480484,0.108142
0.143462,0.080050,0.320542,0.455946
0.059524,0.489139,0.052208,0.399130
0.006231,0.864267,0.115423,0.014079
0.159352,0.291380,0.031509,0.517759
0.941912,0.037757,0.001747,0.018584
0.705008,0.217694,0.053480,0.023819
0.369456,0.008552,0.135546,0.486445
0.455871,0.007375,0.527503,0.009252
0.010231,0.059006,0.909679,0.021084
0.110471,0.229330,0.155143,0.505056
0.517116,0.191321,0.284337,0.007227
0.018880,0.011871,0.033171,0.936079
0.281030,0.021975,0.457449,0.239546
0.299341,0.017071,0.062455,0.621134
0.139079,0.311985,0.478686,0.070250
0.046204,0.023955,0.143556,0.786284
0.068080,0.346528,0.567768,0.017624
0.538133,0.007879,0.082445,0.371542
0.740086,0.024295,0.211186,0.024433
0.206696,0.017048,0.098399,0.677856
0.140035,0.146235,0.675532,0.038198
0.017994,0.097381,0.808170,0.076455
0.005366,0.091295,0.018949,0.884390
0.156685,0.504957,0.201573,0.136784
0.380216,0.445687,0.125466,0.048630
0.514448,0.077210,0.404176,0.004166
0.415719,0.002133,0.061600,0.520548
0.042227,0.323574,0.596380,0.037820
0.286021,0.069754,0.314308,0.329917
0.014752,0.021215,0.932095,0.031938
0.017586,0.025612,0.433513,0.523288
0.025920,0.029019,0.114614,0.830447
0.009633,0.762590,0.178893,0.048884
0.219605,0.011251,0.025531,0.743613
0.051530,0.022412,0.042974,0.883084
0.233877,0.458483,0.052880,0.254759
0.315524,0.070501,0.339752,0.274223
0.206447,0.402412,0.352441,0.038700
0.045896,0.001287,0.408119,0.544698
0.047965,0.054203,0.068274,0.829558
0.031444,0.102550,0.041872,0.824135
0.084976,0.153202,0.095416,0.666405
0.052457,0.033927,0.814125,0.099492
0.038665,0.040128,0.034680,0.886527
0.009475,0.009142,0.674284,0.307100
0.204265,0.293003,0.101224,0.401508
0.173537,0.182057,0.050908,0.593498
0.302070,0.400749,0.286101,0.011080
0.109251,0.009809,0.109771,0.771170
0.902629,0.002484,0.001875,0.093013
0.023485,0.018286,0.092066,0.866164
0.460826,0.029914,0.310766,0.198494
0.006709,0.026564,0.062732,0.903995
0.611512,0.142936,0.043108,0.202444
0.394183,0.020871,0.270206,0.314739
0.121238,0.320105,0.332650,0.226007
0.294403,0.020238,0.263577,0.421782
0.004847,0.026241,0.005644,0.963268
0.356927,0.290525,0.333312,0.019235
0.191274,0.195002,0.028884,0.584840
0.158144,0.064257,0.246278,0.531321
0.050826,0.537368,0.363670,0.048136
0.498462,0.110829,0.073466,0.317243
0.130261,0.070397,0.217719,0.581623
0.073449,0.011466,0.008120,0.906964
0.018693,0.287971,0.010256,0.683080
0.176418,0.378389,0.074379,0.370814
0.005069,0.081414,0.556342,0.357175
0.253970,0.050207,0.473307,0.222516
0.028923,0.236313,0.609141,0.125624
0.435447,0.023579,0.518776,0.022199
0.238942,0.530540,0.075719,0.154798
0.137368,0.284025,0.489004,0.089603
0.169355,0.049489,0.082594,0.698562
0.139689,0.020467,0.200117,0.639727
0.022369,0.024648,0.066199,0.886784
0.024394,0.200115,0.704066,0.071425
0.014062,0.004086,0.086111,0.895742
0.272613,0.007019,0.034227,0.686141
0.061893,0.664072,0.163229,0.110806
0.680089,0.148442,0.135092,0.036378
0.172798,0.016090,0.100662,0.710450
0.056598,0.015817,0.002296,0.925288
0.344802,0.013599,0.185478,0.456122
0.013728,0.065038,0.548544,0.372690
0.248381,0.434717,0.308894,0.008009
0.104247,0.385280,0.142519,0.367955
0.039214,0.061326,0.700723,0.198737
0.007973,0.010590,0.962639,0.018798
0.173476,0.018495,0.803152,0.004877
0.079366,0.027859,0.163464,0.729311
0.046039,0.342120,0.598376,0.013465
0.261084,0.023796,0.137838,0.577281
0.574859,0.012121,0.406078,0.006942
0.044669,0.099707,0.823909,0.031715
0.096895,0.024138,0.309158,0.569809
0.173406,0.033615,0.018087,0.774892
0.584227,0.184828,0.084430,0.146514
0.506485,0.174211,0.241400,0.077905
0.067682,0.167537,0.758388,0.006393
0.109106,0.019495,0.080464,0.790936
0.379271,0.212478,0.046302,0.361950
0.687931,0.183769,0.005179,0.123121
0.237227,0.297516,0.027131,0.438127
0.326193,0.113023,0.147258,0.413526
0.512574,0.010969,0.136767,0.339690
0.308434,0.014442,0.075348,0.601776
0.033819,0.055615,0.802444,0.108121
0.463782,0.293971,0.115133,0.127114
0.599236,0.185336,0.195119,0.020309
0.060370,0.317433,0.106901,0.515296
0.029080,0.169253,0.149937,0.651729
0.640467,0.084336,0.253823,0.021373
0.030582,0.009823,0.056452,0.903144
0.069853,0.245902,0.676700,0.007545
0.015988,0.160246,0.022647,0.801119
0.124942,0.347491,0.431571,0.095996
0.044177,0.267495,0.279947,0.408381
0.553618,0.105595,0.040081,0.300706
0.095646,0.159617,0.632577,0.112159
0.209862,0.510809,0.055053,0.224276
0.025227,0.012205,0.876476,0.086093
0.675835,0.021060,0.164918,0.138188
0.009696,0.713617,0.114693,0.161994
0.692938,0.138388,0.136919,0.031755
0.965871,0.014647,0.012274,0.007208
0.408032,0.098166,0.024112,0.469689
0.349319,0.427662,0.214651,0.008368
0.449397,0.012875,0.185411,0.352317
0.257096,0.475981,0.109092,0.157832
0.128486,0.338578,0.266272,0.266663
0.062994,0.016116,0.032941,0.887948
0.141225,0.008854,0.448210,0.401712
0.403459,0.009205,0.198880,0.388456
0.011079,0.001836,0.764671,0.222414
0.818414,0.105937,0.020931,0.054717
0.150234,0.029456,0.081710,0.738600
0.045946,0.710012,0.068746,0.175296
0.063255,0.055469,0.047634,0.833642
0.603258,0.004625,0.157284,0.234833
0.241986,0.050430,0.137863,0.569721
0.114758,0.197229,0.671440,0.016573
0.656806,0.146776,0.063644,0.132774
0.041597,0.026207,0.057872,0.874324
0.889818,0.006744,0.012738,0.090700
0.025690,0.676935,0.238407,0.058968
0.094481,0.019634,0.185719,0.700166
0.682972,0.133978,0.100345,0.082705
0.768787,0.016508,0.207666,0.007039
0.175963,0.014559,0.039344,0.770134
0.056981,0.010542,0.927783,0.004693
0.251768,0.000081,0.317949,0.430201
0.199154,0.003006,0.700454,0.097387
0.060716,0.199964,0.499593,0.239727
0.081438,0.352291,0.560722,0.005549
0.024417,0.794087,0.006050,0.175446
0.040027,0.104766,0.842798,0.012409
0.170189,0.559608,0.207851,0.062352
0.071619,0.031260,0.194826,0.702296
0.664259,0.178838,0.072437,0.084466
0.159063,0.256689,0.076181,0.508067
0.124922,0.236184,0.051730,0.587164
0.276903,0.213194,0.503618,0.006286
0.200531,0.001371,0.047203,0.750895
0.039024,0.285830,0.127418,0.547728
0.348252,0.319276,0.314900,0.017572
0.012538,0.181115,0.702491,0.103856
0.015776,0.835613,0.118543,0.030068
0.359510,0.010113,0.205902,0.424475
0.677778,0.034454,0.247840,0.039928
0.635402,0.040381,0.188779,0.135438
0.315230,0.163788,0.038199,0.482782
0.134925,0.014923,0.061729,0.788424
0.288039,0.114822,0.334982,0.262156
0.039188,0.081062,0.125054,0.754695
0.131507,0.126563,0.148664,0.593266
0.338942,0.135628,0.501665,0.023765
0.458353,0.186971,0.204792,0.149885
0.478006,0.060990,0.275472,0.185532
0.449552,0.032725,0.158871,0.358852
0.314564,0.192334,0.164302,0.328799
0.027244,0.019751,0.040486,0.912518
0.325519,0.390858,0.135645,0.147978
0.514310,0.223332,0.187785,0.074573
0.747507,0.145572,0.083628,0.023292
0.122837,0.276413,0.575055,0.025695
0.801090,0.028478,0.055383,0.115049
0.022965,0.228815,0.611741,0.136479
0.194661,0.019050,0.076518,0.709772
0.515873,0.074820,0.149670,0.259637
0.038230,0.374855,0.508362,0.078553
0.443786,0.036946,0.152505,0.366763
0.099735,0.083600,0.047774,0.768891
0.142800,0.020515,0.087264,0.749422
0.426082,0.148252,0.055488,0.370178
0.018826,0.064275,0.373756,0.543143
0.044832,0.008021,0.082310,0.864837
0.196841,0.050753,0.405603,0.346804
0.011903,0.002087,0.048879,0.937130
0.026309,0.009485,0.020329,0.943877
0.068013,0.057470,0.315660,0.558856
0.195720,0.489319,0.296430,0.018531
0.010166,0.304007,0.671649,0.014177
0.097487,0.102003,0.090634,0.709876
0.000666,0.986752,0.001000,0.011582
0.270984,0.086274,0.055107,0.587635
0.041199,0.037616,0.482167,0.439019
0.020021,0.082512,0.862048,0.035420
0.272423,0.056047,0.109009,0.562521
0.237467,0.329370,0.125376,0.307787
0.054353,0.457488,0.314575,0.173584
0.184280,0.007854,0.140935,0.666931
0.025087,0.007109,0.325414,0.642390
0.132036,0.158396,0.085352,0.624216
0.150324,0.129966,0.228288,0.491422
0.457572,0.022230,0.280184,0.240013
0.200361,0.689488,0.074156,0.035995
0.240551,0.672093,0.058191,0.029165
0.229932,0.424075,0.225884,0.120109
0.240445,0.227487,0.521210,0.010858
0.152855,0.001908,0.069480,0.775757
0.699777,0.014362,0.245599,0.040261
0.533604,0.384498,0.058867,0.023031
0.122089,0.033424,0.196920,0.647566
0.342547,0.031660,0.239551,0.386242
0.328777,0.006220,0.143613,0.521391
0.320725,0.017133,0.071395,0.590748
0.300059,0.024082,0.640162,0.035697
0.033480,0.088848,0.084343,0.793329
0.095102,0.033495,0.530025,0.341378
0.048273,0.025997,0.037470,0.888260
0.078482,0.057133,0.563347,0.301039
0.111667,0.057631,0.119255,0.711447
0.018970,0.040195,0.846971,0.093864
0.034738,0.313405,0.045349,0.606508
0.031851,0.002697,0.022669,0.942783
0.087311,0.067958,0.624720,0.220011
0.465070,0.033585,0.308352,0.192994
0.226184,0.105620,0.237697,0.430499
0.817984,0.021494,0.146543,0.013980
0.178389,0.221210,0.186776,0.413626
0.317947,0.393903,0.041048,0.247102
0.108857,0.013305,0.105315,0.772522
0.042616,0.135395,0.768847,0.053142
0.097554,0.548718,0.280731,0.072997
0.111672,0.009169,0.062698,0.816460
0.018601,0.015067,0.027951,0.938381
0.039048,0.007261,0.011436,0.942256
0.051343,0.046580,0.073235,0.828841
0.222920,0.018196,0.068566,0.690318
0.047507,0.048810,0.567764,0.335920
0.578337,0.013230,0.171338,0.237095
0.094791,0.070011,0.220177,0.615020
0.030760,0.304510,0.022962,0.641768
0.429150,0.066676,0.125292,0.378882
0.017955,0.191515,0.767833,0.022697
0.090424,0.224634,0.646380,0.038562
0.104356,0.005270,0.265200,0.625175
0.102165,0.028186,0.801043,0.068605
0.281475,0.352744,0.293122,0.072659
0.116155,0.013860,0.833586,0.036399
0.118752,0.002235,0.071104,0.807909
0.085398,0.455431,0.197249,0.261921
0.359476,0.087156,0.186620,0.366748
0.904892,0.020916,0.025553,0.048639
0.677319,0.196880,0.087599,0.038202
0.239896,0.033150,0.221480,0.505475
0.076612,0.531220,0.137300,0.254869
0.128972,0.349007,0.485101,0.036920
0.837806,0.005921,0.011265,0.145008
0.184648,0.495458,0.208899,0.110994
0.061244,0.000427,0.104633,0.833697
0.061199,0.905152,0.004387,0.029262
0.449215,0.410147,0.106170,0.034468
0.056214,0.539506,0.044610,0.359670
0.128120,0.621441,0.059127,0.191312
0.406796,0.294380,0.141358,0.157466
0.543728,0.301961,0.070400,0.083912
0.081435,0.197965,0.235199,0.485402
0.060871,0.280464,0.602976,0.055689
0.081568,0.123067,0.036220,0.759145
0.011063,0.028474,0.093940,0.866523
0.218860,0.478743,0.135628,0.166769
0.220197,0.008274,0.093827,0.677702
0.094755,0.061071,0.050132,0.794041
0.224226,0.324229,0.095051,0.356493
0.033173,0.049668,0.248295,0.668864
0.001988,0.904710,0.038043,0.055259
0.052875,0.590952,0.205509,0.150665
0.355120,0.019980,0.347853,0.277047
0.023365,0.052471,0.105182,0.818982
0.317575,0.059731,0.275408,0.347286
0.173311,0.291977,0.407252,0.127461
0.024381,0.016123,0.036766,0.922731
0.113194,0.193793,0.555477,0.137537
0.262498,0.234427,0.170725,0.332350
0.181841,0.462648,0.324418,0.031094
0.114353,0.007929,0.110105,0.767614
0.921526,0.051227,0.012779,0.014468
0.055436,0.717087,0.022459,0.205018
0.339872,0.001679,0.051196,0.607252
0.104663,0.137445,0.316898,0.440995
0.259924,0.286390,0.373342,0.080344
0.127332,0.543359,0.075596,0.253714
0.408937,0.012034,0.422659,0.156370
0.410763,0.474657,0.047081,0.067499
0.070429,0.028185,0.064178,0.837208
0.126033,0.813585,0.019071,0.041311
0.122820,0.009121,0.118485,0.749573
0.136213,0.291487,0.502279,0.070020
0.005732,0.004122,0.194129,0.796018
0.221137,0.035713,0.485809,0.257342
0.005002,0.023855,0.040089,0.931054
0.217560,0.396303,0.343452,0.042685
0.107747,0.347240,0.492827,0.052186
0.144813,0.059883,0.133692,0.661612
0.073495,0.015229,0.096889,0.814388
0.087357,0.036640,0.020356,0.855648
0.229300,0.010663,0.066272,0.693764
0.099656,0.385503,0.147608,0.367233
0.182955,0.018188,0.012078,0.786779
0.479362,0.409609,0.072277,0.038752
0.245494,0.095834,0.146821,0.511852
0.027127,0.028823,0.020608,0.923442
0.179120,0.190353,0.551554,0.078974
0.018716,0.003989,0.970644,0.006650
0.605207,0.020249,0.018661,0.355883
0.055166,0.009417,0.021169,0.914247
0.117805,0.101455,0.769238,0.011503
0.231690,0.000465,0.011135,0.756710
0.174522,0.046756,0.176027,0.602695
0.672675,0.021275,0.099582,0.206468
0.828673,0.107564,0.059242,0.004520
0.060579,0.339711,0.588975,0.010735
0.600812,0.007724,0.097977,0.293487
0.288402,0.405590,0.065622,0.240387
0.144832,0.657717,0.191457,0.005994
0.106917,0.055517,0.067748,0.769817
0.120863,0.010244,0.866439,0.002454
0.051157,0.171286,0.103409,0.674149
0.005548,0.001668,0.010897,0.981887
0.223460,0.015480,0.127937,0.633122
0.121182,0.378568,0.335574,0.164677
0.023151,0.021607,0.104609,0.850633
0.380830,0.007426,0.118277,0.493467
0.320244,0.046572,0.217445,0.415738
0.015770,0.121558,0.049772,0.812900
0.068591,0.477341,0.058789,0.395278
0.598949,0.006620,0.036501,0.357929
0.224423,0.110606,0.457517,0.207453
0.219815,0.066223,0.384822,0.329141
0.132434,0.596793,0.047798,0.222975
0.116213,0.021350,0.115697,0.746740
0.038974,0.187727,0.206964,0.566336
0.131607,0.364597,0.038402,0.465394
0.866137,0.074060,0.004049,0.055753
0.515774,0.019061,0.137652,0.327513
0.318105,0.325540,0.298515,0.057840
0.933715,0.023307,0.013885,0.029093
0.141077,0.404646,0.254812,0.199465
0.078519,0.213006,0.702876,0.005599
0.463027,0.026624,0.229974,0.280376
0.094442,0.027952,0.182777,0.694828
0.036185,0.241251,0.715338,0.007225
0.226471,0.038480,0.242745,0.492304
0.021269,0.040426,0.627544,0.310761
0.070695,0.018846,0.090019,0.820439
0.069829,0.203013,0.705360,0.021797
0.031339,0.406946,0.420664,0.141051
0.083966,0.017363,0.896315,0.002356
0.026218,0.324450,0.598828,0.050504
0.238825,0.013553,0.054306,0.693315
0.302859,0.266055,0.063407,0.367678
0.554243,0.029751,0.318146,0.097860
0.223823,0.251004,0.218726,0.306447
0.215373,0.312635,0.134286,0.337706
0.114648,0.015129,0.229328,0.640894
0.194556,0.126374,0.129920,0.549150
0.191539,0.024295,0.129900,0.654266
0.037369,0.030959,0.792318,0.139354
0.036890,0.293992,0.061790,0.607327
0.683906,0.312327,0.003108,0.000659
0.171146,0.554155,0.125848,0.148851
0.278838,0.057330,0.658511,0.005321
0.007591,0.327804,0.035530,0.629075
0.505846,0.049244,0.236032,0.208877
0.216480,0.044940,0.083813,0.654767
0.554044,0.240432,0.175205,0.030319
0.940376,0.001497,0.050057,0.008070
0.140773,0.178393,0.644817,0.036017
0.316135,0.021694,0.311266,0.350906
0.169521,0.325096,0.478296,0.027087
0.217019,0.091983,0.358141,0.332858
0.092348,0.317535,0.390876,0.199241
0.547175,0.144201,0.022616,0.286007
0.122095,0.759319,0.017857,0.100729
0.494851,0.240420,0.046151,0.218578
0.862446,0.023405,0.082678,0.031470
0.009649,0.025789,0.652463,0.312098
0.336398,0.042318,0.193287,0.427997
0.018464,0.052521,0.889951,0.039063
0.063904,0.452005,0.337284,0.146807
0.089557,0.029965,0.119714,0.760765
0.753990,0.101569,0.047173,0.097268
0.198654,0.531702,0.059853,0.209790
0.132886,0.003796,0.082227,0.781091
0.332380,0.220192,0.442386,0.005042
0.108373,0.011996,0.875253,0.004378
0.067944,0.136634,0.058431,0.736991
0.055385,0.009700,0.038180,0.896736
0.111676,0.007446,0.773791,0.107087
0.005836,0.092930,0.045271,0.855963
0.310914,0.005219,0.045097,0.638769
0.665802,0.217731,0.057864,0.058603
0.009786,0.278481,0.676573,0.035159
0.069523,0.147300,0.767494,0.015683
0.134018,0.525200,0.137515,0.203267
0.602690,0.001214,0.287142,0.108953
0.236628,0.030777,0.223683,0.508912
0.140057,0.023286,0.095383,0.741275
0.062824,0.026627,0.718914,0.191635
0.002021,0.317835,0.655234,0.024910
0.112962,0.025472,0.012175,0.849390
0.096064,0.093927,0.704444,0.105565
0.429544,0.280958,0.046933,0.242565
0.007941,0.035365,0.925833,0.030861
0.108686,0.583720,0.092806,0.214788
0.038843,0.384456,0.486490,0.090211
0.034174,0.092193,0.026981,0.846652
0.220945,0.010741,0.325526,0.442787
0.036733,0.012963,0.115421,0.834883
0.075218,0.638312,0.022693,0.263777
0.304562,0.053412,0.288521,0.353505
0.616018,0.148317,0.196157,0.039508
0.045501,0.022590,0.122772,0.809136
0.072684,0.485359,0.299637,0.142320
0.352913,0.021549,0.107523,0.518016
0.199019,0.019665,0.047681,0.733636
0.243231,0.095230,0.146671,0.514868
0.557721,0.215311,0.192178,0.034791
0.723383,0.131266,0.106982,0.038368
0.493457,0.154861,0.201256,0.150426
0.109847,0.192068,0.634519,0.063566
0.290874,0.320032,0.332597,0.056498
0.216607,0.037794,0.135360,0.610238
0.135698,0.632056,0.109674,0.122572
0.663330,0.183767,0.114544,0.038359
0.186651,0.476002,0.295358,0.041989
0.156248,0.055803,0.201235,0.586713
0.404420,0.469720,0.032812,0.093048
0.294176,0.543087,0.025100,0.137637
0.478700,0.310655,0.129414,0.081232
0.041046,0.211985,0.403831,0.343137
0.013877,0.067222,0.048291,0.870611
0.460945,0.317584,0.162079,0.059392
0.057531,0.064210,0.745767,0.132492
0.112623,0.026994,0.049272,0.811111
0.517636,0.317730,0.127568,0.037066
0.572617,0.051516,0.314268,0.061599
0.544660,0.011794,0.154014,0.289533
0.090557,0.010400,0.027246,0.871796
0.171040,0.023886,0.078546,0.726528
0.011798,0.012774,0.162065,0.813363
0.433995,0.033586,0.217233,0.315186
0.325682,0.014747,0.447695,0.211877
0.026057,0.023471,0.679729,0.270742
0.519146,0.266720,0.026385,0.187749
0.034446,0.028027,0.031827,0.905700
0.061796,0.178436,0.041680,0.718087
0.159596,0.040897,0.210789,0.588719
0.048767,0.632969,0.286900,0.031364
0.020991,0.216526,0.711897,0.050586
0.160776,0.007605,0.119351,0.712268
0.295898,0.036439,0.054122,0.613541
0.947499,0.005011,0.014610,0.032880
0.012506,0.177893,0.770472,0.039129
0.112740,0.583735,0.061146,0.242379
0.606888,0.027800,0.286854,0.078458
0.545542,0.001718,0.286042,0.166698
0.007148,0.022423,0.955906,0.014524
0.030934,0.550974,0.170766,0.247326
0.928973,0.035693,0.024258,0.011076
0.004859,0.002923,0.655479,0.336739
0.061271,0.070330,0.047046,0.821352
0.027195,0.014907,0.940380,0.017519
0.214164,0.090060,0.145543,0.550233
0.033076,0.026952,0.026332,0.913640
0.101997,0.009203,0.883604,0.005196
0.132732,0.037129,0.079972,0.750167
0.128487,0.041850,0.373632,0.456032
0.138415,0.303769,0.417563,0.140253
0.333792,0.030785,0.258910,0.376514
0.240666,0.148396,0.342398,0.268540
0.334768,0.529472,0.015314,0.120445
0.322898,0.532727,0.052919,0.091456
0.083795,0.372299,0.423580,0.120326
0.102739,0.128763,0.051757,0.716742
0.179593,0.006986,0.277370,0.536051
0.271626,0.015474,0.159553,0.553347
0.314677,0.367817,0.285009,0.032496
0.060431,0.041478,0.100242,0.797849
0.298326,0.337016,0.117512,0.247147
0.258671,0.017069,0.149528,0.574732
0.005657,0.089492,0.021733,0.883118
0.020443,0.237808,0.644788,0.096961
0.047640,0.022571,0.032150,0.897639
0.007564,0.022221,0.854405,0.115809
0.032096,0.008769,0.029175,0.929960
0.774699,0.119607,0.081925,0.023768
0.300017,0.071237,0.065933,0.562813
0.193861,0.238710,0.297673,0.269756
0.339348,0.235652,0.038712,0.386289
0.146281,0.057136,0.662780,0.133803
0.468779,0.358064,0.118617,0.054540
0.383763,0.261448,0.142174,0.212614
0.839006,0.007788,0.144022,0.009183
0.003664,0.031094,0.354157,0.611086
0.068259,0.372869,0.522277,0.036595
0.044439,0.187319,0.284467,0.483775
0.377445,0.171464,0.109634,0.341457
0.052715,0.137897,0.723732,0.085656
0.001333,0.028592,0.717257,0.252819
0.016299,0.317014,0.382382,0.284305
0.312084,0.018777,0.177700,0.491439
0.610446,0.147492,0.042087,0.199974
0.161227,0.346133,0.100886,0.391753
0.015420,0.042251,0.033098,0.909231
0.238998,0.053214,0.330160,0.377627
0.396574,0.378044,0.160121,0.065260
0.485083,0.014251,0.264976,0.235690
0.032673,0.007136,0.006397,0.953793
0.095773,0.018665,0.826127,0.059435
0.045853,0.181998,0.709651,0.062499
0.014411,0.843229,0.137530,0.004830
0.122703,0.215414,0.096478,0.565405
0.021519,0.013475,0.017854,0.947152
0.103515,0.178296,0.695311,0.022878
0.078573,0.025057,0.058395,0.837975
0.012366,0.005014,0.173013,0.809607
0.112703,0.398241,0.111122,0.377934
0.693232,0.113969,0.176139,0.016660
0.100397,0.029716,0.105144,0.764743
0.153318,0.215581,0.604319,0.026782
0.340613,0.326980,0.145139,0.187268
0.221473,0.083202,0.687677,0.007648
0.424433,0.007055,0.098380,0.470133
0.646876,0.037752,0.269135,0.046238
0.229396,0.056081,0.058058,0.656465
0.296861,0.203582,0.397405,0.102151
0.006922,0.000447,0.055298,0.937332
0.137994,0.548248,0.187274,0.126484
0.360359,0.035050,0.159483,0.445107
0.073182,0.053033,0.860639,0.013146
0.130615,0.036568,0.616758,0.216059
0.146835,0.033397,0.813856,0.005913
0.187846,0.110801,0.129222,0.572131
0.121671,0.041381,0.032985,0.803963
0.226467,0.036305,0.328287,0.408942
0.014265,0.246284,0.112998,0.626454
0.024557,0.019594,0.928892,0.026957
0.481073,0.010791,0.051686,0.456450
0.152970,0.415631,0.135707,0.295692
0.053852,0.085759,0.838563,0.021826
0.091870,0.100018,0.528375,0.279737
0.016351,0.002762,0.054533,0.926354
0.159119,0.164237,0.452294,0.224350
0.184717,0.056509,0.022505,0.736269
0.306522,0.194806,0.446427,0.052245
0.160729,0.013652,0.010547,0.815071
0.057833,0.015662,0.904772,0.021733
0.084585,0.007384,0.286290,0.621740
0.074711,0.129649,0.774831,0.020809
0.148734,0.164113,0.664781,0.022372
0.694578,0.005612,0.070479,0.229330
0.014199,0.003662,0.012334,0.969805
0.397775,0.019076,0.028366,0.554783
0.105005,0.032560,0.062702,0.799733
0.035886,0.033433,0.081053,0.849628
0.261512,0.014510,0.058161,0.665817
0.063138,0.413219,0.027512,0.496131
0.256746,0.485231,0.069385,0.188638
0.711452,0.149627,0.126704,0.012217
0.028722,0.020435,0.017097,0.933746
0.839722,0.000383,0.153280,0.006615
0.519021,0.451574,0.014885,0.014520
0.372393,0.458246,0.097020,0.072341
0.192483,0.122309,0.226587,0.458621
0.013335,0.006692,0.003862,0.976111
0.156882,0.484837,0.167161,0.191120
0.097240,0.417239,0.472219,0.013301
0.084426,0.385375,0.507823,0.022377
0.234269,0.113757,0.283574,0.368401
0.046116,0.151525,0.773983,0.028377
0.337138,0.025859,0.139880,0.497124
0.150041,0.021230,0.297600,0.531129
0.314547,0.014255,0.603956,0.067242
0.449342,0.335840,0.096901,0.117917
0.500325,0.023949,0.115318,0.360408
0.173811,0.701345,0.095485,0.029359
0.309199,0.507675,0.140795,0.042332
0.051131,0.031126,0.090559,0.827183
0.065482,0.042966,0.439787,0.451765
0.013849,0.742275,0.186365,0.057512
0.163310,0.024675,0.331114,0.480900
0.817875,0.007643,0.140801,0.033681
0.319635,0.166849,0.507499,0.006017
0.019564,0.275501,0.424498,0.280437
0.002383,0.617500,0.357973,0.022144
0.005148,0.867870,0.105841,0.021141
0.008427,0.034620,0.743847,0.213105
0.025346,0.009407,0.017094,0.948153
0.008105,0.003552,0.011281,0.977062
0.358074,0.369716,0.259460,0.012750
0.046145,0.266525,0.559783,0.127547
0.077278,0.333815,0.345157,0.243751
0.021993,0.003740,0.428524,0.545743
0.150782,0.206360,0.053215,0.589642
0.022710,0.002068,0.058490,0.916732
0.380797,0.312266,0.073392,0.233544
0.228631,0.192948,0.396671,0.181750
0.269464,0.498901,0.154015,0.077620
0.261387,0.129953,0.439157,0.169503
0.363120,0.002480,0.062572,0.571829
0.390272,0.141320,0.138941,0.329467
0.791345,0.001101,0.188947,0.018606
0.128378,0.018454,0.054981,0.798187
0.023357,0.015488,0.038651,0.922505
0.252942,0.368358,0.111842,0.266858
0.408179,0.164874,0.074232,0.352715
0.494905,0.008347,0.179019,0.317728
0.145225,0.014438,0.112536,0.727801
0.145684,0.529254,0.138604,0.186458
0.027371,0.240530,0.013513,0.718586
0.084065,0.007606,0.130552,0.777777
0.214509,0.624380,0.019658,0.141453
0.050723,0.357266,0.027696,0.564315
0.125663,0.021495,0.067217,0.785624
0.442975,0.048877,0.126694,0.381454
0.319469,0.079210,0.199034,0.402286
0.234556,0.589889,0.022419,0.153136
0.223297,0.411708,0.135484,0.229511
0.216592,0.038894,0.107453,0.637060
0.106532,0.071524,0.242190,0.579754
0.166824,0.598899,0.050677,0.183600
